xmin,ymin,xmax,ymax
23,96,552,323
23,96,225,141
46,158,552,265
